   1.1313596e+02   2.7207675e+01   1.7832294e+01   1.2813229e+01   1.0156323e+01   8.3880406e+00   7.0799203e+00   6.1046823e+00   5.3347653e+00   4.7286848e+00   4.2356055e+00   3.8145353e+00   3.4840792e+00   3.1656441e+00   2.9170683e+00   2.6889981e+00   2.4761276e+00   2.3017646e+00
   7.9502549e+01   2.7954780e+01   1.7398378e+01   1.2604777e+01   9.8506501e+00   8.1685582e+00   6.8943638e+00   5.9224586e+00   5.2004785e+00   4.5851233e+00   4.0860165e+00   3.6785243e+00   3.3370340e+00   3.0323578e+00   2.7810593e+00   2.5349231e+00   2.3409148e+00   2.1682816e+00
   1.2158868e+02   2.5138667e+01   1.6721616e+01   1.2323772e+01   9.6225539e+00   7.9744985e+00   6.6657771e+00   5.7451260e+00   5.0115439e+00   4.4206810e+00   3.9528786e+00   3.5273767e+00   3.1755183e+00   2.8734714e+00   2.6250928e+00   2.3923072e+00   2.1844189e+00             NaN
   7.4380964e+01   2.7357394e+01   1.6006159e+01   1.2057011e+01   9.4429540e+00   7.6512226e+00   6.4851063e+00   5.5562532e+00   4.8147487e+00   4.2252758e+00   3.7494421e+00   3.3529151e+00   3.0084864e+00   2.7010409e+00   2.4443235e+00   2.2060251e+00             NaN             NaN
   7.0555774e+01   2.4751340e+01   1.6110656e+01   1.1642483e+01   9.1161474e+00   7.4776359e+00   6.2333139e+00   5.3371101e+00   4.6037673e+00   4.0306482e+00   3.5460728e+00   3.1482730e+00   2.7853664e+00   2.5015657e+00   2.2299036e+00             NaN             NaN             NaN
   7.1230428e+01   2.5540022e+01   1.5401380e+01   1.1404309e+01   8.8479061e+00   7.1798684e+00   6.0168126e+00   5.0812582e+00   4.3909712e+00   3.7985967e+00   3.3266844e+00   2.9215117e+00   2.5706343e+00   2.2705447e+00             NaN             NaN             NaN             NaN
   6.4940577e+01   2.4228849e+01   1.5072775e+01   1.1093785e+01   8.5393515e+00   6.9093327e+00   5.7360631e+00   4.8309773e+00   4.1164805e+00   3.5428732e+00   3.0659517e+00   2.6672774e+00   2.3078979e+00             NaN             NaN             NaN             NaN             NaN
   5.2063610e+01   2.2120784e+01   1.4519221e+01   1.0548978e+01   8.2263652e+00   6.5932256e+00   5.4210138e+00   4.5310134e+00   3.8305985e+00   3.2605089e+00   2.7661926e+00   2.3531926e+00             NaN             NaN             NaN             NaN             NaN             NaN
   6.1170599e+01   2.2463198e+01   1.4015534e+01   1.0207959e+01   7.7903520e+00   6.2381563e+00   5.0926267e+00   4.2015197e+00   3.4818045e+00   2.9077194e+00   2.4273491e+00             NaN             NaN             NaN             NaN             NaN             NaN             NaN
   4.9117786e+01   2.0424143e+01   1.3576403e+01   9.7156873e+00   7.4002747e+00   5.8216586e+00   4.6716538e+00   3.7820370e+00   3.0682859e+00   2.4917095e+00             NaN             NaN             NaN             NaN             NaN             NaN             NaN             NaN
   4.7787773e+01   1.9142144e+01   1.2980087e+01   9.2293367e+00   6.9440347e+00   5.3686301e+00   4.2157138e+00   3.3001834e+00   2.5861996e+00             NaN             NaN             NaN             NaN             NaN             NaN             NaN             NaN             NaN
   4.1006112e+01   1.9248737e+01   1.2290330e+01   8.6168595e+00   6.3525852e+00   4.7751001e+00   3.6383161e+00   2.7306524e+00             NaN             NaN             NaN             NaN             NaN             NaN             NaN             NaN             NaN             NaN
   4.5306118e+01   1.8331357e+01   1.1593348e+01   7.9418423e+00   5.6325358e+00   4.1034966e+00   2.9317038e+00             NaN             NaN             NaN             NaN             NaN             NaN             NaN             NaN             NaN             NaN             NaN
   3.8413310e+01   1.7504361e+01   1.0636293e+01   7.0215041e+00   4.7938977e+00   3.1868225e+00             NaN             NaN             NaN             NaN             NaN             NaN             NaN             NaN             NaN             NaN             NaN             NaN
   3.5897057e+01   1.6401807e+01   9.5151050e+00   5.9154434e+00   3.6235772e+00             NaN             NaN             NaN             NaN             NaN             NaN             NaN             NaN             NaN             NaN             NaN             NaN             NaN
   3.3407137e+01   1.4732632e+01   7.9859836e+00   4.3585673e+00             NaN             NaN             NaN             NaN             NaN             NaN             NaN             NaN             NaN             NaN             NaN             NaN             NaN             NaN
   3.0140589e+01   1.2480898e+01   5.7696930e+00             NaN             NaN             NaN             NaN             NaN             NaN             NaN             NaN             NaN             NaN             NaN             NaN             NaN             NaN             NaN
   2.7274571e+01   9.0698229e+00             NaN             NaN             NaN             NaN             NaN             NaN             NaN             NaN             NaN             NaN             NaN             NaN             NaN             NaN             NaN             NaN
   2.1120023e+01             NaN             NaN             NaN             NaN             NaN             NaN             NaN             NaN             NaN             NaN             NaN             NaN             NaN             NaN             NaN             NaN             NaN
