4.671 4.787 5.004 5.369 5.992 7.204 NaN   NaN   NaN   NaN
3.866 3.927 4.036 4.208 4.469 4.875 NaN   NaN   NaN   NaN
3.396 3.435 3.503 3.607 3.759 3.979 4.300 4.813 NaN   NaN
3.081 3.108 3.156 3.227 3.328 3.467 3.663 3.943 NaN   NaN
2.852 2.872 2.908 2.960 3.033 3.132 3.266 3.448 3.705 4.087
2.676 2.692 2.719 2.760 2.816 2.890 2.989 3.120 3.295 3.540
2.535 2.548 2.571 2.604 2.648 2.707 2.783 2.882 3.011 3.184
2.420 2.431 2.450 2.477 2.513 2.561 2.623 2.701 2.801 2.931
2.324 2.333 2.349 2.372 2.402 2.442 2.492 2.557 2.637 2.739
2.242 2.250 2.264 2.283 2.309 2.343 2.385 2.439 2.505 2.588
2.171 2.178 2.190 2.207 2.229 2.258 2.295 2.340 2.396 2.465
2.109 2.115 2.126 2.141 2.160 2.186 2.217 2.256 2.304 2.363
2.054 2.060 2.069 2.082 2.100 2.122 2.150 2.184 2.226 2.276
2.005 2.010 2.018 2.030 2.046 2.066 2.090 2.121 2.157 2.202
1.961 1.966 1.973 1.984 1.998 2.016 2.038 2.065 2.097 2.136
1.921 1.925 1.932 1.942 1.955 1.971 1.991 2.015 2.044 2.079
1.885 1.889 1.895 1.904 1.916 1.930 1.948 1.970 1.997 2.028
1.852 1.855 1.861 1.869 1.880 1.893 1.910 1.930 1.954 1.982
1.822 1.825 1.830 1.837 1.847 1.860 1.875 1.893 1.915 1.941
1.793 1.796 1.801 1.808 1.817 1.829 1.843 1.859 1.880 1.903
1.767 1.770 1.775 1.781 1.790 1.800 1.813 1.829 1.847 1.869
1.743 1.746 1.750 1.756 1.764 1.774 1.786 1.800 1.817 1.837
1.721 1.723 1.727 1.732 1.740 1.749 1.760 1.774 1.789 1.808
1.699 1.702 1.705 1.711 1.718 1.726 1.737 1.749 1.764 1.781
1.680 1.682 1.685 1.690 1.697 1.705 1.715 1.726 1.740 1.756
1.661 1.663 1.666 1.671 1.677 1.685 1.694 1.705 1.718 1.733
1.643 1.645 1.648 1.653 1.658 1.666 1.674 1.685 1.697 1.711
1.627 1.628 1.631 1.636 1.641 1.648 1.656 1.666 1.677 1.691
1.611 1.613 1.615 1.619 1.625 1.631 1.639 1.648 1.659 1.672
1.596 1.598 1.600 1.604 1.609 1.615 1.623 1.631 1.642 1.653
1.582 1.583 1.586 1.590 1.594 1.600 1.607 1.615 1.625 1.636
1.568 1.570 1.572 1.576 1.580 1.586 1.593 1.600 1.610 1.620
1.556 1.557 1.559 1.563 1.567 1.572 1.579 1.586 1.595 1.605
1.543 1.545 1.547 1.550 1.554 1.559 1.565 1.573 1.581 1.591
1.532 1.533 1.535 1.538 1.542 1.547 1.553 1.560 1.568 1.577
1.520 1.522 1.524 1.527 1.530 1.535 1.541 1.547 1.555 1.564
1.510 1.511 1.513 1.516 1.519 1.524 1.529 1.535 1.543 1.551
1.499 1.501 1.502 1.505 1.509 1.513 1.518 1.524 1.531 1.539
1.490 1.491 1.492 1.495 1.498 1.502 1.507 1.513 1.520 1.528
1.480 1.481 1.483 1.485 1.489 1.492 1.497 1.503 1.509 1.517
1.471 1.472 1.474 1.476 1.479 1.483 1.487 1.493 1.499 1.506
1.462 1.463 1.465 1.467 1.470 1.474 1.478 1.483 1.489 1.496
1.454 1.455 1.456 1.458 1.461 1.465 1.469 1.474 1.480 1.487
1.445 1.446 1.448 1.450 1.453 1.456 1.460 1.465 1.471 1.477
1.438 1.438 1.440 1.442 1.445 1.448 1.452 1.457 1.462 1.468
1.430 1.431 1.432 1.434 1.437 1.440 1.444 1.448 1.454 1.460
1.423 1.423 1.425 1.427 1.429 1.432 1.436 1.440 1.445 1.451
1.415 1.416 1.418 1.419 1.422 1.425 1.428 1.433 1.438 1.443
1.408 1.409 1.411 1.412 1.415 1.418 1.421 1.425 1.430 1.435
1.395 1.396 1.397 1.399 1.401 1.404 1.407 1.411 1.416 1.421
1.383 1.383 1.385 1.386 1.388 1.391 1.394 1.398 1.402 1.407
1.371 1.372 1.373 1.374 1.376 1.379 1.382 1.385 1.389 1.394
1.360 1.361 1.362 1.363 1.365 1 367 1 370 1.373 1.377 1.381
1.349 1.350 1.351 1.352 1.354 1.356 1.359 1.362 1.366 1.370
