 113.14  27.21  17.83  12.81  10.16   8.39   7.08   6.10   5.33   4.73   4.24   3.81   3.48   3.17   2.92   2.69   2.48   2.30

  79.50  27.95  17.40  12.60   9.85   8.17   6.89   5.92   5.20   4.59   4.09   3.68   3.34   3.03   2.78   2.53   2.34   2.17

 121.59  25.14  16.72  12.32   9.62   7.97   6.67   5.75   5.01   4.42   3.95   3.53   3.18   2.87   2.63   2.39   2.18    

  74.38  27.36  16.01  12.06   9.44   7.65   6.49   5.56   4.81   4.23   3.75   3.35   3.01   2.70   2.44   2.21        

  70.56  24.75  16.11  11.64   9.12   7.48   6.23   5.34   4.60   4.03   3.55   3.15   2.79   2.50   2.23            

  71.23  25.54  15.40  11.40   8.85   7.18   6.02   5.08   4.39   3.80   3.33   2.92   2.57   2.27                

  64.94  24.23  15.07  11.09   8.54   6.91   5.74   4.83   4.12   3.54   3.07   2.67   2.31                    

  52.06  22.12  14.52  10.55   8.23   6.59   5.42   4.53   3.83   3.26   2.77   2.35                        

  61.17  22.46  14.02  10.21   7.79   6.24   5.09   4.20   3.48   2.91   2.43                            

  49.12  20.42  13.58   9.72   7.40   5.82   4.67   3.78   3.07   2.49                                

  47.79  19.14  12.98   9.23   6.94   5.37   4.22   3.30   2.59                                    

  41.01  19.25  12.29   8.62   6.35   4.78   3.64   2.73                                        

  45.31  18.33  11.59   7.94   5.63   4.10   2.93                                            

  38.41  17.50  10.64   7.02   4.79   3.19                                                

  35.90  16.40   9.52   5.92   3.62                                                    

  33.41  14.73   7.99   4.36                                                        

  30.14  12.48   5.77                                                            

  27.27   9.07                                                                

  21.12                                                                    

