0.10  0.01  1.7602  0.0311
0.10  0.01  1.7639  0.0328
0.10  0.01  1.7792  0.0375
0.10  0.02  1.8186  0.0509
0.10  0.03  1.8799  0.0753
0.10  0.04  1.9456  0.1047
0.10  0.25  4.8719  1.1514
0.10  0.27  5.2649  1.3557
0.10  0.33  7.0847  2.4412
0.10  0.50 14.0600  8.2136
0.10  0.75 34.5134 32.9921
0.10  1.00 76.8601 109.3398
0.10  1.00 99.2600 114.7149
0.10  2.00 1738.1650 4381.7908
0.10  2.99 19263.7326 188790.1695
0.10  4.00 200295.0650 4685820.1739
0.20  0.01  2.1462  0.0327
0.20  0.01  2.1516  0.0351
0.20  0.01  2.1736  0.0411
0.20  0.02  2.2309  0.0602
0.20  0.03  2.3224  0.0939
0.20  0.04  2.4308  0.0644
0.20  0.04  2.4595  0.0746
0.20  0.05  2.5851  0.1147
0.20  0.08  2.9470  0.2510
0.20  0.12  3.5993  0.5332
0.20  0.25  7.6045  2.3184
0.20  1.00 189.5886 266.7673
0.50  0.01  3.0303  0.0384
0.50  0.25 16.0968  5.9162
0.50  1.00 444.7104 508.8377
1.00  0.01  4.2261  0.0515
1.00  0.25 29.7178 11.8829
1.00  1.00 864.2978 1129.6245
