10min:
    1.0000
    0.0976
    0.0992
    0.0665
    0.0570
    0.0598
    0.0177
    0.0502
    0.0183
    0.0508
    0.0253
    0.0014
    0.0263
    0.0408
    0.0852
    0.0273
    0.0532
    0.0204
    0.0063
    0.0059
   -0.0325


15min:
    1.0000
    0.1041
    0.0623
    0.0732
    0.0618
    0.0620
    0.0240
    0.0286
    0.0541
    0.0178
    0.0053
    0.0538
   -0.0092
   -0.0187
   -0.0192
    0.0168
   -0.0470
   -0.0067
    0.0182
    0.0284
   -0.0192




20min:
    1.0000
    0.1626
    0.0874
    0.0538
    0.0762
    0.0302
    0.0260
    0.0089
    0.0019
    0.0527
   -0.0111
   -0.0060
   -0.0421
    0.0113
    0.0159
   -0.0253
   -0.0017
    0.0119
    0.0086
    0.0280
    0.0508


25min:
    1.0000
    0.0752
    0.0502
    0.0659
    0.0538
    0.0268
    0.0150
    0.0264
   -0.0122
    0.0029
   -0.0346
    0.0373
   -0.0433
    0.0135
    0.0247
    0.0612
    0.0332
    0.0232
    0.0180
    0.0763
    0.0371


30min:
    1.0000
    0.0830
    0.0495
    0.0853
    0.0009
    0.0784
   -0.0051
   -0.0084
   -0.0218
   -0.0252
   -0.0004
   -0.0056
    0.0356
    0.0898
    0.0302
    0.0208
    0.1037
    0.0579
    0.1132
    0.0424
    0.0424


35min:
    1.0000
    0.0867
    0.0707
    0.0373
    0.0181
    0.0341
    0.0508
   -0.0236
    0.0116
    0.0651
   -0.0099
    0.0676
    0.0154
   -0.0009
    0.0183
    0.0282
    0.0539
    0.0490
    0.0256
    0.0353
   -0.0128


40min:
    1.0000
    0.0319
    0.0193
   -0.0040
    0.0082
    0.0300
   -0.0420
    0.0027
   -0.0216
    0.0383
    0.0605
    0.0222
    0.0931
    0.0573
    0.1068
    0.0267
   -0.0030
   -0.0071
   -0.0030
   -0.0011
   -0.0303



45min:
    1.0000
    0.0254
    0.0095
   -0.0055
    0.0463
    0.0203
    0.0155
    0.0129
    0.0523
    0.0291
    0.0344
    0.0449
    0.1527
    0.0370
    0.0682
   -0.0059
    0.0204
    0.0246
   -0.0504
    0.0439
    0.1151


50min:
    1.0000
    0.0312
    0.0029
    0.0551
    0.0100
   -0.0384
   -0.0102
    0.0135
    0.0430
    0.0218
    0.0323
    0.0820
   -0.0031
   -0.0059
   -0.0163
   -0.0045
   -0.0190
    0.0612
    0.0823
    0.0513
    0.0001



55min:
    1.0000
    0.0443
    0.0269
    0.0610
    0.0056
    0.0111
    0.0053
    0.1344
    0.0508
    0.0577
    0.1438
    0.0388
    0.0325
    0.0653
    0.0224
   -0.0148
    0.0605
    0.0928
    0.0141
    0.0690
    0.0891


60min:
    1.0000
    0.0331
    0.0564
    0.0485
    0.0014
    0.0341
    0.0483
    0.0261
   -0.0095
    0.1911
   -0.0086
    0.0002
    0.0250
   -0.0510
    0.0480
    0.1080
   -0.0160
    0.0696
    0.0871
   -0.0237
   -0.0683
