    0.3479 0.7373 1.2280 1.9400 3.1890 6.3890 NaN    NaN    NaN    NaN
    0.2328 0.4834 0.7747 1.1430 1.6560 2.4770 NaN    NaN    NaN    NaN
    0.1760 0.3620 0.5699 0.8166 1.1330 1.5690 2.2360 3.4840 NaN    NaN
    0.1421 0.2905 0.4528 0.6384 0.8620 1.1480 1.5460 2.1460 NaN    NaN
    0.1196 0.2435 0.3776 0.5260 0.6997 0.9115 1.1870 1.5650 2.1390 3.157
    0.1035 0.2102 0.3238 0.4487 0.5907 0.7586 0.9681 1.2380 1.6140 2.188
    0.0914 0.1853 0.2845 0.3921 0.5125 0.6515 0.8197 1.0280 1.3020 1.687
    0.0820 0.1661 0.2542 0.3490 0.4536 0.5723 0.7127 0.8814 1.0950 1.378
    0.0745 0.1507 0.2302 0.3150 0.4076 0.5113 0.6304 0.7733 0.9470 1.169
    0.0684 0.1381 0.2106 0.2875 0.3707 0.4629 0.5673 0.6902 0.8363 1.0180
    0.0633 0.1276 0.1943 0.2647 0.3404 0.4234 0.5165 0.6243 0.7503 0.9031
    0.0589 0.1188 0.1806 0.2456 0.3151 0.3907 0.4747 0.5708 0.6814 0.8132
    0.0552 0.1112 0.1689 0.2294 0.2937 0.3632 0.4397 0.5265 0.6251 0.7407
    0.0519 0.1046 0.1588 0.2153 0.2752 0.3396 0.4100 0.4891 0.5780 0.6811
    0.0491 0.0989 0.1499 0.2031 0.2592 0.3192 0.3844 0.4564 0.5382 0.6311
    0.0466 0.0938 0.1421 0.1923 0.2451 0.3014 0.3622 0.4288 0.5040 0.5886
    0.0444 0.0893 0.1352 0.1828 0.2327 0.2857 0.3426 0.4048 0.4744 0.5520
    0.0424 0.0852 0.1290 0.1743 0.2216 0.2717 0.3254 0.3836 0.4484 0.5202
    0.0406 0.0816 0.1234 0.1666 0.2117 0.2592 0.3099 0.3648 0.4254 0.4922
    0.0390 0.0783 0.1184 0.1597 0.2027 0.2480 0.2961 0.3479 0.4050 0.4674
    0.0374 0.0752 0.1138 0.1534 0.1946 0.2378 0.2836 0.3328 0.3866 0.4453
    0.0361 0.0725 0.1096 0.1477 0.1872 0.2285 0.2723 0.3191 0.3696 0.4255
    0.0348 0.0700 0.1057 0.1424 0.1804 0.2201 0.2620 0.3066 0.3547 0.4076
    0.0337 0.0676 0.1022 0.1376 0.1742 0.2123 0.2525 0.2952 0.3411 0.3913
    0.0326 0.0655 0.0989 0.1331 0.1684 0.2052 0.2438 0.2848 0.3286 0.3765
    0.0316 0.0635 0.0958 0.1290 0.1631 0.1986 0.2358 0.2752 0.3172 0.3629
    0.0307 0.0616 0.0930 0.1251 0.1582 0.1925 0.2284 0.2663 0.3066 0.3504
    0.0298 0.0599 0.0904 0.1215 0.1536 0.1868 0.2215 0.2581 0.2967 0.3385
    0.0290 0.0583 0.0879 0.1182 0.1493 0.1815 0.2151 0.2504 0.2879 0.3278
    0.0283 0.0568 0.0856 0.1151 0.1453 0.1766 0.2091 0.2433 0.2794 0.3180
    0.0276 0.0553 0.0835 0.1121 0.1415 0.1719 0.2035 0.2366 0.2716 0.3088
    0.0269 0.0540 0.0814 0.1094 0.1380 0.1676 0.1983 0.2304 0.2643 0.3002
    0.0263 0.0527 0.0795 0.1067 0.1347 0.1635 0.1933 0.2245 0.2574 0.2921
    0.0257 0.0515 0.0777 0.1043 0.1315 0.1596 0.1887 0.2190 0.2509 0.2846
    0.0251 0.0504 0.0760 0.1020 0.1286 0.1560 0.1843 0.2138 0.2448 0.2775
    0.0246 0.0493 0.0743 0.0998 0.1258 0.1525 0.1802 0.2089 0.2391 0.2709
    0.0241 0.0483 0.0728 0.0977 0.1231 0.1492 0.1762 0.2043 0.2337 0.2646
    0.0236 0.0473 0.0713 0.0957 0.1206 0.1461 0.1725 0.1999 0.2285 0.2586
    0.0232 0.0464 0.0699 0.0938 0.1182 0.1432 0.1690 0.1957 0.2237 0.2530
    0.0227 0.0455 0-0686 0.0920 0-1159 0.1404 0.1656 0.1918 0.2190 0-2476
    0.0223 0.0447 0.0673 0.0903 0.1137 0.1377 0.1624 0.1880 0.2147 0.2426
    0.0219 0.0439 0.0661 0.0887 0.1116 0.1352 0.1594 0.1844 0.2105 0.2377
    0.0215 0.0431 0.0650 0.0871 0.1096 0.1327 0.1565 0.1810 0.2065 0.2331
    0.0212 0.0424 0.0639 0.0856 0.1077 0.1304 0.1537 0.1777 0.2027 0.2287
    0.0208 0.0417 0.0628 0.0842 0.1059 0.1282 0.1510 0.1746 0.1991 0.2246
    0.0205 0.0410 0.0618 0.0828 0.1042 0.1260 0.1485 0.1716 0.1956 0.2206
    0.0202 0.0404 0.0608 0.0815 0.1025 0.1240 0.1460 0.1687 0.1922 0.2167
    0.0198 0.0398 0.0599 0.0802 0.1009 0.1220 0.1437 0.1660 0.1891 0.2131
    0.0195 0.0392 0.0590 0.0790 0.0993 0.1201 0.1414 0.1633 0.1860 0.2095
    0.0190 0.0380 0.0572 0.0767 0.0964 0.1165 0.1371 0.1583 0.1802 0.2029
    0.0185 0.0370 0.0557 0.0745 0.0937 0.1132 0.1332 0.1537 0.1749 0.1968
    0.0180 0.0360 0.0542 0.0725 0.0912 0.1101 0.1295 0.1494 0.1699 0.1912
    0.0175 0.0351 0.0528 0.0707 0.0888 0.1073 0.1261 0.1454 0.1653 0.1859
    0.0171 0.0342 0.0515 0.0689 0.0866 0.1046 0.1229 0.1417 0.1610 0.1810
